25432
25257 24875 18461 
5510 5221 23480 
7339 7161 3635 
13016 12964 15746 
11992 11820 5826 
10453 10226 15083 
15304 15128 7467 
460 608 12650 
807 846 455 
15403 15210 7540 
3778 3617 18935 
20420 20178 21151 
5469 5158 19098 
22158 22086 17864 
22051 21971 17821 
8249 8036 4086 
1177 1104 689 
16257 16099 16461 
12645 12541 6125 
9149 8985 4613 
5043 4728 13715 
5682 5343 13891 
11411 11238 22523 
13371 13263 20137 
8598 8401 14652 
10247 9985 5033 
6519 6274 3271 
22262 25100 17902 
18334 18004 9140 
8456 8241 4198 
20365 20166 17317 
23189 23038 11575 
590 708 12697 
16661 16499 16565 
21747 21677 17746 
16112 15878 20504 
4015 3822 1951 
13512 13389 15877 
13415 13296 6590 
14439 14344 7058 
22763 22669 21443 
19644 19407 9808 
9270 9092 4652 
21726 21634 10848 
23602 23397 18092 
18341 18046 20869 
15235 15054 20425 
21364 21184 10638 
23076 22850 21452 
6484 6242 14100 
264 295 106 
21165 20961 10522 
5578 5259 13867 
18422 18166 9223 
13728 13531 15908 
3360 3157 1674 
3940 3799 13559 
20580 20336 17368 
2517 2308 1368 
10691 10437 5259 
14720 14631 7197 
24176 23949 24674 
4527 4245 2201 
19215 19009 17078 
7016 6794 14245 
4474 4204 2167 
6596 6410 14121 
21442 21353 10676 
10379 10117 5051 
23088 22887 11548 
6434 6204 3263 
8962 8842 14774 
3202 2950 18877 
1675 1620 968 
17299 17054 8593 
1822 1746 1027 
4677 4378 2271 
5779 5421 13925 
21041 20803 10439 
21970 21934 17808 
18730 18550 9384 
43 58 18482 
9108 8974 14781 
52 144 21747 
2327 2171 1281 
10853 10579 5337 
16909 16645 8384 
6625 6422 24744 
23327 23175 18058 
17088 16771 16613 
17172 16922 16644 
15546 15373 22784 
9653 9551 4834 
18189 17882 9107 
14783 14676 7217 
10106 9909 5025 
12687 12558 22612 
484 614 272 
3609 3409 18897 
10399 10147 23622 
7881 7712 3892 
15887 15633 20503 
4606 4325 2264 
11220 11099 15308 
282 334 156 
24232 24018 12036 
18180 17877 16839 
11856 11751 5795 
17672 17418 24883 
4935 4693 13712 
9499 9406 4827 
21576 21444 17691 
13630 13416 6679 
20548 20289 23957 
19417 19180 17122 
25117 24701 18426 
9917 9794 4967 
8508 8311 4226 
9497 9394 14911 
12208 12049 5903 
8045 7827 3965 
16377 16275 20568 
7459 7265 3678 
11188 11049 23628 
11795 11587 15413 
11189 11069 5456 
20740 20505 23048 
5630 5286 19122 
11887 11761 19927 
1527 1444 895 
16822 16614 8338 
17703 17428 8845 
1496 1412 21866 
9203 9024 4634 
20641 20410 21191 
6743 6607 3379 
22532 22428 21439 
11278 11128 19850 
19455 19209 9704 
22665 22557 11346 
9423 9253 19621 
14329 14160 6995 
11251 11102 5457 
11855 11731 15428 
12606 12503 6111 
24087 23880 11983 
4711 4472 2302 
13879 13715 6807 
16562 16456 8141 
22728 22621 11389 
21682 21619 23102 
9446 9278 4742 
19342 19146 20975 
6583 6361 3315 
5397 5129 13802 
14536 14490 16141 
6762 6648 14172 
16333 16231 8014 
24637 24285 18291 
4030 3837 1998 
6006 5668 2998 
20326 20132 10071 
24552 24207 12092 
2423 2221 21943 
4180 3979 18973 
12390 12216 5937 
12850 12760 23689 
24041 23808 18159 
7977 7780 14546 
21231 21005 23995 
14558 14513 7101 
1427 1332 810 
16089 15844 7814 
7950 7776 19426 
21921 21870 21345 
20137 19934 24557 
3969 3818 18972 
1389 1296 18645 
20096 19904 9959 
25244 24863 12439 
9575 9461 4828 
1340 1283 12932 
6220 6003 3136 
8052 7874 14551 
14308 14083 6971 
2555 2318 18771 
1881 1786 1059 
2888 2643 1458 
6174 5961 3123 
8190 8004 4055 
2601 2335 1370 
11484 11285 15360 
16121 15887 7864 
5509 5199 2754 
13339 13240 6545 
13779 13602 20228 
2822 2576 1453 
24290 24067 12042 
1307 1255 761 
16128 15904 7886 
2776 2526 1407 
17489 17262 8712 
15460 15287 7552 
8231 8022 24921 
17447 17237 22897 
7217 7040 14283 
17445 17230 8671 
18151 17845 20858 
19222 19043 9569 
23402 23277 21500 
10196 9957 5030 
194 245 75 
19314 19137 9626 
15285 15074 7430 
6308 6086 14044 
11073 10847 5418 
23970 23698 11914 
4603 4279 13623 
11957 11791 15443 
23464 23299 18080 
12393 12219 15543 
20305 20124 23047 
2729 2458 1379 
7804 7660 3887 
4691 4425 13637 
4036 3839 22034 
10758 10489 5281 
1953 1861 21910 
3226 2982 1622 
14882 14792 7234 
3479 3251 1710 
8847 8733 4495 
5960 5578 24256 
6665 6498 14135 
18231 17923 22946 
11171 11030 5448 
6648 6466 3348 
22861 22768 11437 
10623 10368 5209 
19911 19688 23014 
23531 23342 23175 
3197 2921 1600 
24789 24383 12208 
23627 23413 11788 
14630 14567 16162 
1987 1891 1137 
3575 3343 13457 
13414 13295 15876 
23642 23415 21543 
4219 3987 2082 
20014 19755 9896 
21022 20776 17458 
2945 2701 13277 
22497 22408 11264 
161 227 18496 
13124 25219 6418 
4771 4497 2331 
4388 4158 2142 
17127 16885 8546 
13379 13264 6572 
8859 8737 14733 
6047 5729 13964 
11563 11358 19870 
23682 23434 11812 
22590 22477 17938 
21785 21721 21328 
17588 17353 8777 
23767 23525 24829 
10974 10707 5351 
3691 3514 22031 
16445 16371 23839 
3942 3814 1931 
22449 22379 17935 
4899 4646 2392 
11824 11647 22559 
971 24897 554 
2445 2264 1353 
10212 9979 15049 
13995 13809 6845 
13972 13804 15951 
15809 15550 16372 
3892 3756 23434 
25069 24697 12312 
22229 25265 17866 
2020 1929 13081 
321 415 18541 
7711 7526 14449 
9984 9872 19686 
20872 20589 10256 
11449 11264 5530 
4882 4581 2380 
21436 21352 21284 
14314 14120 16066 
18897 18695 17032 
18504 18237 16938 
6012 5678 19150 
22114 22045 11036 
1186 1110 21825 
17400 17209 16688 
16762 16540 16582 
5199 4909 2625 
2130 2005 1177 
13201 13150 6506 
18818 18592 9407 
2134 2029 13130 
21444 21361 17641 
18585 18331 9323 
10614 10323 22473 
22335 22258 11163 
15603 15413 16320 
21535 21427 10720 
18623 18404 9346 
1214 1175 12839 
20978 20760 24956 
7272 7094 22218 
4969 4696 2466 
1161 1065 12805 
5806 5452 2898 
8482 8284 14635 
12042 11865 23675 
7753 7590 19404 
342 488 12647 
21016 20763 10389 
7695 7513 3809 
15313 15151 24450 
12833 12708 15673 
15324 15162 7504 
2048 1949 1168 
24491 24190 21658 
15438 15241 20450 
17008 16731 8431 
5006 4706 19054 
18490 18194 9258 
17047 16733 22879 
11367 11176 15323 
5856 5495 2922 
4826 4549 2362 
10031 9880 5021 
17938 17600 16742 
1080 1009 18633 
17985 17601 8952 
8581 8374 4276 
5825 5474 19149 
17992 17645 20816 
19893 19664 9871 
9795 9670 4878 
426 537 21780 
15557 15385 7559 
3619 3442 1777 
3680 3477 1810 
4887 4602 13671 
20405 20172 10073 
16312 16229 16508 
12164 12008 19940 
6564 6322 19230 
4244 4019 13597 
2846 2601 13271 
12144 11963 5875 
527 662 18586 
22948 22807 11466 
21446 21369 10680 
9752 9627 14962 
22061 22012 11009 
2817 2552 18820 
10567 10318 5167 
5986 5622 13958 
6069 5800 22177 
24299 24071 18217 
1218 25296 740 
25208 24848 12432 
2992 2730 1480 
13304 13219 15858 
8780 8677 4447 
2309 2132 18730 
23378 23236 18069 
22622 22527 23140 
21404 21282 17612 
18985 18750 9454 
13655 13421 15902 
18388 18132 16891 
20254 20061 10063 
19294 19091 17095 
18089 17730 9035 
22091 22020 21386 
5702 5391 22145 
8632 8482 4356 
10878 10593 19825 
20180 20024 10027 
1262 1195 742 
13534 13391 6638 
5223 4959 19077 
16700 16530 20652 
6373 6136 3195 
21321 21083 21263 
18119 17787 9053 
21896 21846 10950 
18849 18685 9409 
11729 11526 5681 
9485 9336 4765 
152 194 65 
11814 11599 5738 
3696 3554 1860 
7407 7230 3676 
9408 9214 4712 
16184 15965 7893 
13070 13019 22656 
10675 10417 19787 
21342 21144 17569 
25218 24860 23276 
19381 19169 9671 
18528 18262 9292 
8365 8156 19504 
16464 16376 8083 
3290 3062 22024 
1270 1222 12889 
16134 15924 24789 
788 833 12775 
8440 8196 4182 
15928 15654 7755 
10667 10397 5255 
20144 19947 9990 
1212 1136 711 
11381 11212 5493 
722 758 387 
1274 24936 756 
11700 11484 15399 
9382 9194 14848 
19847 19617 9851 
16196 16014 16447 
23918 23673 11911 
22253 22230 11082 
20256 20085 17287 
21979 21947 11003 
20501 20240 17355 
11034 10815 15252 
7965 7778 3949 
14152 13896 6913 
5740 5398 2874 
24223 24010 18216 
9061 8944 4575 
12600 12456 20017 
25198 24772 12408 
10842 10578 15169 
12974 12922 6306 
23898 23645 21563 
21873 21803 17803 
13429 13338 22674 
8646 8522 14655 
719 750 12727 
14805 14725 20388 
5639 5298 2818 
13155 13106 6467 
8154 7956 4037 
3229 2992 13377 
18073 17699 16766 
6269 6034 23523 
19790 19571 9846 
3881 3707 1895 
4498 4236 13607 
7134 6949 3538 
2904 2671 21984 
8944 8803 19577 
19623 19329 9807 
14918 14871 7250 
11169 10994 15271 
13090 25365 15795 
24501 24191 12060 
16815 16607 24497 
19638 19377 17183 
16277 16183 7989 
18026 17683 8985 
12256 12081 15496 
20824 20552 17434 
15020 14905 20392 
12110 11921 15474 
5499 5177 13845 
6707 6547 3367 
16933 16660 20674 
20727 20486 10192 
5425 5139 2715 
4838 4571 19053 
17074 16762 8474 
12918 12848 6267 
15107 14966 7335 
20788 20543 10242 
727 783 18597 
22417 22354 11217 
7665 7492 22249 
20645 20442 10190 
10793 10538 5317 
9831 9732 4919 
12873 12810 6236 
2915 2689 1478 
14079 13850 6895 
7264 7086 3577 
12437 12261 5983 
8397 8173 4150 
8273 8064 14596 
18551 18296 20897 
6106 5850 14010 
10465 10236 5089 
23840 23586 18121 
4108 3909 13577 
3151 2912 13367 
21376 21272 10658 
16410 16287 8021 
20531 20281 10096 
5329 5076 22141 
15522 15351 7555 
23811 23573 11879 
6600 6418 3338 
4072 3869 2047 
6332 6099 3154 
3498 3281 24703 
23283 23158 11627 
6364 6124 19204 
15055 14921 7310 
3005 2772 18833 
23714 23477 18107 
4155 3930 2078 
13290 13210 6523 
1480 1410 854 
24967 24503 21712 
8065 7909 3999 
14373 14244 16080 
8155 7980 14589 
2224 2077 13168 
12452 12306 6013 
7591 7381 3730 
9717 9625 4844 
3085 2821 1538 
18154 17866 9085 
9957 9824 15032 
20269 20116 10064 
8320 8106 4108 
23337 23184 11640 
842 880 21808 
7556 7334 14378 
14242 14027 6952 
12782 12644 6183 
864 24882 502 
12488 12425 6061 
13858 13699 15917 
14854 14781 16207 
16613 16490 8184 
17854 17531 8889 
8034 7815 22295 
24745 24366 12175 
6303 6083 3151 
6927 6733 14216 
5279 5048 2662 
4556 4265 22078 
7518 7288 3720 
23345 23190 24128 
5183 4870 13753 
15854 15585 7735 
16531 16409 8129 
23346 23217 11659 
23146 22978 11551 
2141 2033 1204 
5121 4787 24831 
19180 19002 9557 
1575 1487 12978 
10371 10078 15051 
4262 4047 2115 
21999 21948 23127 
7318 7151 14317 
8948 8812 4542 
19122 18900 17070 
19880 19632 17220 
14697 14603 22704 
20453 20213 10089 
22789 22699 11427 
21845 21783 10912 
16967 16684 8428 
21076 20819 21249 
1111 1029 662 
24948 24477 12222 
5874 5521 13951 
7913 7722 14508 
13073 24984 6321 
7022 6833 3455 
23262 23146 21491 
10434 10193 5066 
12880 12818 15710 
17112 16796 8498 
17761 17501 20769 
3452 3223 13407 
16276 16158 22850 
18774 18556 17008 
9303 9139 22410 
21312 21069 10566 
9351 9182 4690 
336 455 193 
10292 10005 19703 
10531 10314 5122 
6961 6746 3424 
15158 15018 7382 
2688 2445 24225 
21607 21528 10763 
17378 17131 20733 
5491 5173 2753 
23148 22996 24626 
25008 24557 18389 
20205 20028 21105 
5364 5109 2687 
1926 1844 1097 
10879 10641 5345 
8747 8655 14703 
19257 19087 9594 
22599 22518 11318 
12443 12302 19986 
16564 16475 22874 
320 390 160 
12069 11913 5851 
14979 14891 7286 
24070 23869 21570 
19177 18954 20970 
7936 7728 3929 
8709 8611 4412 
15764 15527 23827 
8703 8585 19551 
8106 7942 19470 
14035 13811 20236 
9680 9597 22460 
8534 8337 19550 
22216 22181 11051 
18264 17941 9118 
21341 21128 10612 
1840 1776 18681 
18921 18730 9451 
13674 13469 6723 
9611 9501 14949 
13109 25022 6385 
16123 15903 16442 
14517 14488 7090 
3594 3361 1765 
18442 18177 24510 
17728 17444 16719 
1020 940 12788 
21121 20857 17488 
23112 22928 17974 
24535 24195 18241 
16734 16536 8271 
12481 12408 24377 
10929 10663 15202 
6014 5715 3013 
9451 9313 14887 
5231 5031 13796 
1794 1725 13012 
1577 1519 904 
19477 19219 22973 
625 733 347 
3774 3586 1873 
18588 18366 16976 
18673 18489 9352 
3091 2866 23397 
3111 2873 1586 
17573 17325 20747 
1778 1703 1001 
12477 12358 6027 
5162 4829 2611 
13683 13485 23730 
7492 7280 24290 
15723 15522 7686 
18705 18535 9379 
4761 4491 23459 
3323 3111 13392 
16416 16338 8070 
8405 8195 14610 
20968 20723 10339 
4018 3828 13573 
118 175 12512 
24423 24121 12049 
4427 4183 19022 
430 562 226 
24335 24117 12048 
21796 21739 10908 
10155 9956 22464 
13043 13012 6313 
15681 15470 7649 
20686 20481 17384 
7182 6983 19312 
18937 18744 20927 
22552 22466 11278 
22338 22282 17913 
1920 1835 13034 
16199 16048 20535 
6105 5847 3051 
13581 13415 20183 
21123 20898 10476 
24268 24054 21610 
906 25171 537 
21155 20918 23090 
22038 21957 11006 
21936 21885 10973 
17612 17387 16716 
2370 2179 13177 
1655 1588 12984 
7618 7424 3764 
14214 13993 16037 
13087 13069 6361 
7637 7428 14424 
21272 21026 10555 
5691 5377 2853 
21288 21064 17524 
13821 13649 6767 
10489 10264 19743 
35 26 12450 
12534 12445 15574 
4305 4090 24233 
5533 5235 2791 
4313 4104 2138 
23398 23275 11672 
15972 15687 7765 
1725 1654 23348 
20599 20363 10169 
14276 14036 20255 
11774 11555 5720 
20168 19989 17251 
8615 8422 4319 
3730 3567 13500 
14584 14547 20341 
7846 7671 23603 
3374 3167 18893 
3295 3070 1644 
14199 13934 24402 
7199 7007 3564 
8693 8557 4370 
19822 19588 21049 
23929 23697 18127 
18839 18638 23924 
7297 7135 3626 
1639 1543 920 
7592 7391 19379 
1740 25196 997 
22910 22773 24080 
1620 1537 18653 
7048 6864 23566 
22292 25383 11124 
14116 13892 15996 
24006 23779 11958 
16501 16398 16554 
19483 19227 9750 
547 677 317 
3051 2775 1524 
10552 10317 15087 
2495 2275 13184 
305 377 12605 
14662 14595 7150 
18127 17810 16798 
16019 15734 22831 
20059 19864 17225 
24067 23841 11973 
13217 13180 6508 
22185 22133 11047 
22209 22149 24044 
9876 9734 15003 
4595 4277 2215 
14487 25326 23764 
9493 9343 23611 
24628 24256 12100 
25012 24604 12284 
10069 9892 15034 
14615 14551 7133 
8816 8699 22365 
11533 11316 5576 
12967 12892 20059 
14434 14335 20304 
23487 23301 11724 
12475 12310 15557 
14745 14639 16179 
12849 12722 6199 
13936 13776 6825 
15622 15429 7607 
23572 23385 11763 
18688 18495 16978 
24856 24404 12218 
21416 21327 10672 
19732 19480 9831 
23228 23088 18014 
24663 24288 12144 
1030 970 617 
14470 14440 7084 
12642 12510 15620 
24755 24368 18329 
21634 21573 10800 
19961 19704 9876 
13209 13174 20094 
14345 14207 7027 
20889 20629 21218 
18147 17811 9084 
10653 10390 15128 
20025 19805 21076 
24703 24338 21663 
6962 6748 19273 
14204 13968 6930 
3822 3666 1880 
3895 3792 1919 
24824 24384 23254 
273 297 23309 
9965 9832 4986 
8023 7804 3951 
17910 17565 8932 
2758 2484 13244 
17249 17004 23886 
22820 22739 17951 
18374 18094 9186 
15172 15019 16229 
8451 8228 22343 
17007 16723 16600 
19610 19321 21015 
7641 7444 3770 
15303 15117 16236 
0 0 0 
11642 11434 24850 
10763 10498 24350 
4358 4141 13606 
22711 22594 17947 
5971 5601 2962 
14949 14886 16209 
6720 6580 19263 
15711 15504 16333 
23876 23606 11884 
13732 13575 6759 
21812 25073 17764 
24487 24175 12050 
1457 1362 12934 
11323 11129 5462 
16258 16114 7981 
18625 18450 22950 
16240 16087 7965 
3422 3195 1708 
11029 10771 5397 
6377 6149 14062 
19528 19255 17145 
6217 5998 14033 
7769 7655 14463 
1351 1287 793 
7074 6895 3505 
3834 3688 13525 
16198 16044 7916 
11093 10896 19847 
4628 4345 19030 
18106 17774 23887 
6153 5919 19177 
12808 12655 20048 
11919 11768 5820 
8618 8447 23606 
19969 19753 17224 
45 103 12498 
15792 15528 7715 
13168 13114 15842 
19239 19082 24828 
16782 16576 8319 
11667 11463 5677 
6433 6193 22181 
2269 2118 1277 
949 900 543 
966 919 12782 
19164 18931 9529 
1016 930 592 
14451 14390 16094 
5083 4743 2562 
2170 2041 23380 
10981 10723 22519 
15477 15325 16285 
24206 23979 12022 
12726 12603 6167 
21111 20855 10456 
2397 2195 1326 
25153 24717 12358 
17118 16836 20695 
12306 12127 5920 
19568 19285 9780 
19682 19438 23936 
11850 11685 5783 
2210 2047 1236 
21485 21407 24604 
17322 17096 16671 
24157 23910 12009 
12759 12612 15663 
14404 14292 7040 
15633 15430 20474 
13702 13493 6755 
16693 16520 8222 
17564 17316 8734 
20928 20669 10294 
2091 1998 18684 
17901 17537 22898 
3079 2809 13324 
24124 23906 18172 
22368 25142 21400 
7098 6899 14282 
11141 10944 5431 
23256 23135 11617 
9243 9051 14814 
23763 23511 11844 
91 155 47 
21784 21693 10863 
7421 7264 14355 
25059 24654 24894 
20575 20315 10135 
3638 3472 13483 
17835 17518 16725 
15948 15675 16376 
6387 6162 3225 
6124 5899 3081 
9017 8899 24325 
24905 24446 18369 
13472 13353 6603 
6064 5757 3026 
19048 18878 22969 
24579 24234 24165 
6833 6679 22204 
8904 8778 4500 
2647 2398 1371 
25177 24762 21744 
21189 20979 17514 
15068 14924 16228 
6984 6767 3449 
17388 17177 8659 
12823 12668 6191 
4814 4505 13640 
21606 21507 21298 
2608 2385 13198 
4923 4664 2423 
9890 9740 4938 
695 735 352 
17749 17482 8851 
16538 16424 20610 
11596 11373 5597 
25206 24798 18427 
23992 23745 23193 
23033 22843 11509 
19074 18897 9490 
9894 9771 24775 
5913 5562 2947 
14821 14733 7218 
9495 9382 4788 
18991 18793 17066 
227 291 12559 
14333 14189 22689 
775 825 422 
22345 22310 11188 
4910 4655 22127 
17337 17117 8609 
5622 5275 2806 
7370 7191 19330 
10323 10050 5046 
20947 20685 17457 
12555 12452 6088 
18723 18541 20905 
17200 16971 8574 
9825 9706 19664 
12343 12173 22607 
13248 25048 6515 
24469 24130 18237 
20040 19849 9910 
3251 3019 1631 
17658 17401 8795 
13902 13746 22688 
653 734 24215 
11625 11405 5644 
16866 16623 16585 
24384 24119 23237 
21589 21458 10744 
9010 8886 4571 
6808 6661 3394 
3528 3304 1738 
9181 9019 19589 
13227 13186 15845 
6878 6697 3403 
16076 15832 16396 
14912 14833 23790 
19018 18839 9478 
21195 20983 10539 
16415 16303 16540 
15123 15012 22738 
9542 9414 19640 
377 493 217 
15199 15031 7410 
11766 11545 19906 
7734 7559 3817 
16034 15783 7798 
21375 21231 23099 
25000 24539 12259 
21633 21563 17710 
5228 4981 2643 
17523 17291 16708 
7760 7619 3849 
18287 17971 16868 
10730 10448 15157 
22993 22837 17959 
5008 4727 2512 
23445 23285 11694 
19782 19530 17188 
15365 15201 16238 
11606 11380 15362 
17786 17510 8888 
